Understanding the shape of the axes:
t: (100,) | y: (100,)

Printing t:
[0.         0.05835173 0.11670345 0.17505518 0.2334069  0.29175863
 0.35011036 0.40846208 0.46681381 0.52516554 0.58351726 0.64186899
 0.70022071 0.75857244 0.81692417 0.87527589 0.93362762 0.99197935
 1.05033107 1.1086828  1.16703452 1.22538625 1.28373798 1.3420897
 1.40044143 1.45879316 1.51714488 1.57549661 1.63384833 1.69220006
 1.75055179 1.80890351 1.86725524 1.92560697 1.98395869 2.04231042
 2.10066214 2.15901387 2.2173656  2.27571732 2.33406905 2.39242078
 2.4507725  2.50912423 2.56747595 2.62582768 2.68417941 2.74253113
 2.80088286 2.85923459 2.91758631 2.97593804 3.03428976 3.09264149
 3.15099322 3.20934494 3.26769667 3.32604839 3.38440012 3.44275185
 3.50110357 3.5594553  3.61780703 3.67615875 3.73451048 3.7928622
 3.85121393 3.90956566 3.96791738 4.02626911 4.08462084 4.14297256
 4.20132429 4.25967601 4.31802774 4.37637947 4.43473119 4.49308292
 4.55143465 4.60978637 4.6681381  4.72648982 4.78484155 4.84319328
 4.901545   4.95989673 5.01824846 5.07660018 5.13495191 5.19330363
 5.25165536 5.31000709 5.36835881 5.42671054 5.48506227 5.54341399
 5.60176572 5.66011744 5.71846917 5.7768209 ]

Printing y:
[ 0.          0.04534536  0.1731248   0.37178632  0.63083056  0.94074062
  1.29291482  1.67960233  2.09384176  2.52940276  2.9807305   3.44289315
  3.91153214  4.38281531  4.85339277  5.32035548  5.78119635  6.23377387
  6.67627816  7.10719934  7.52529804  7.9295781   8.31926122  8.6937636
  9.05267425  9.39573516  9.722823   10.03393238 10.3291605  10.60869318
 10.87279211 11.12178336 11.35604684 11.57600691 11.78212387 11.97488635
 12.1548045  12.32240393 12.47822035 12.62279483 12.75666966 12.88038474
 12.99447443 13.09946487 13.1958717  13.28419814 13.36493339 13.43855134
 13.50550956 13.56624847 13.6211908  13.67074118 13.71528593 13.75519296
 13.79081184 13.82247396 13.85049278 13.87516416 13.89676677 13.91556256
 13.93179725 13.9457009  13.95748846 13.96736038 13.97550322 13.98209027
 13.98728217 13.99122751 13.99406352 13.99591659 13.99690293 13.99712915
 13.99669282 13.995683   13.99418085 13.99226006 13.98998741 13.98742323
 13.98462184 13.981632   13.97849733 13.97525668 13.97194451 13.96859128
 13.9652237  13.96186513 13.95853581 13.95525317 13.95203205 13.94888498
 13.94582239 13.94285281 13.93998306 13.93721843 13.93456287 13.93201911
 13.9295888  13.92727266 13.92507061 13.92298181]
